5.705128908157348633e-01
5.157311558723449707e-01
1.762036085128784180e-01
3.863559365272521973e-01
5.161145329475402832e-01
4.300307631492614746e-01
1.770484596490859985e-01
3.344323039054870605e-01
2.984811365604400635e-01
8.257708549499511719e-01
-2.262672185897827148e-01
-3.579492270946502686e-01
-1.785256899893283844e-02
5.164341926574707031e-01
1.080011650919914246e-01
4.511854052543640137e-01
8.580025434494018555e-01
9.127559661865234375e-01
6.409851908683776855e-01
9.466632604598999023e-01
1.004684090614318848e+00
8.849028944969177246e-01
1.117793917655944824e+00
1.077149152755737305e+00
1.088903307914733887e+00
1.057868719100952148e+00
9.942082166671752930e-01
6.860563755035400391e-01
6.679753065109252930e-01
5.692691802978515625e-01
4.640460312366485596e-01
7.233597040176391602e-01
8.635008335113525391e-01
8.278276324272155762e-01
8.403643369674682617e-01
6.135065555572509766e-01
1.020039916038513184e+00
7.467615604400634766e-01
8.066000938415527344e-01
7.474900484085083008e-01
8.410655260086059570e-01
1.040884256362915039e+00
9.878171682357788086e-01
7.865262627601623535e-01
7.400934100151062012e-01
4.895669519901275635e-01
8.251650333404541016e-01
9.480098485946655273e-01
1.050614237785339355e+00
9.659369587898254395e-01
1.011031508445739746e+00
1.050619840621948242e+00
3.129731118679046631e-01
9.027231931686401367e-01
5.417761802673339844e-01
6.019200682640075684e-01
5.614553689956665039e-01
4.158294796943664551e-01
1.004328966140747070e+00
9.093988537788391113e-01
1.055598497390747070e+00
5.450611710548400879e-01
4.206255972385406494e-01
3.096899688243865967e-01
5.006893277168273926e-01
2.540968358516693115e-01
5.164710283279418945e-01
3.395547866821289062e-01
1.396313756704330444e-01
-9.700086899101734161e-03
3.491664826869964600e-01
2.094526886940002441e-01
4.517481029033660889e-01
2.353892028331756592e-01
9.222148060798645020e-01
1.739308685064315796e-01
4.957118034362792969e-01
9.681502580642700195e-01
1.053464055061340332e+00
8.339155316352844238e-01
1.037301540374755859e+00
1.065716624259948730e+00
1.098836660385131836e+00
9.048472642898559570e-01
1.084157824516296387e+00
1.111781477928161621e+00
1.345828056335449219e+00
1.298768997192382812e+00
1.207315325736999512e+00
1.265900373458862305e+00
1.286819934844970703e+00
1.341415405273437500e+00
1.035941481590270996e+00
1.191294550895690918e+00
5.207971334457397461e-01
6.865583658218383789e-01
9.123306274414062500e-01
8.828821778297424316e-01
1.108176827430725098e+00
9.704084396362304688e-01
9.658553600311279297e-01
1.076378583908081055e+00
1.086263179779052734e+00
9.061598181724548340e-01
9.277709126472473145e-01
1.228675127029418945e+00
1.335463762283325195e+00
1.400688767433166504e+00
1.377343893051147461e+00
1.168137073516845703e+00
1.294283986091613770e+00
1.118959307670593262e+00
1.271088600158691406e+00
6.986492779105901718e-03
-1.050268113613128662e-01
-1.739196777343750000e-01
-9.024679660797119141e-02
1.624345928430557251e-01
1.430109888315200806e-01
4.703696668148040771e-01
5.358211994171142578e-01
5.363467931747436523e-01
1.651895046234130859e-01
4.917842745780944824e-01
3.991710543632507324e-01
5.630341172218322754e-01
9.019945859909057617e-01
8.374547362327575684e-01
9.835917949676513672e-01
9.868497848510742188e-01
1.210202693939208984e+00
1.291793584823608398e+00
1.378715991973876953e+00
1.460364818572998047e+00
1.427060127258300781e+00
1.603493332862854004e+00
1.183358073234558105e+00
1.204957246780395508e+00
1.471364617347717285e+00
1.143907189369201660e+00
1.277946472167968750e+00
-7.870326042175292969e-01
-7.442841529846191406e-01
4.712278246879577637e-01
1.005179166793823242e+00
-8.156599998474121094e-01
8.355382680892944336e-01
6.699243187904357910e-01
1.031161904335021973e+00
-2.051902055740356445e+00
-2.004642963409423828e+00
-1.564814329147338867e+00
-4.102756381034851074e-01
-1.933275938034057617e+00
-1.323971867561340332e+00
-2.355774402618408203e+00
-1.291732192039489746e+00
-1.331224083900451660e+00
-1.398503899574279785e+00
-1.561091184616088867e+00
-2.490320920944213867e+00
-1.727033734321594238e+00
-4.827903509140014648e-01
6.599374115467071533e-02
-4.043371230363845825e-02
2.850071787834167480e-01
7.277202606201171875e-01
8.792941570281982422e-01
1.156020402908325195e+00
1.215537190437316895e+00
1.285893082618713379e+00
1.056508779525756836e+00
8.518648743629455566e-01
1.127953648567199707e+00
1.244938015937805176e+00
1.281937956809997559e+00
1.309001684188842773e+00
1.454682350158691406e+00
8.664023280143737793e-01
1.231950402259826660e+00
1.098584651947021484e+00
1.363737940788269043e+00
1.432344079017639160e+00
3.774296641349792480e-01
1.082497954368591309e+00
1.104681849479675293e+00
1.177604198455810547e+00
5.145534873008728027e-01
1.002033352851867676e+00
6.985799670219421387e-01
9.808319807052612305e-01
1.231781244277954102e+00
1.200537800788879395e+00
9.437583088874816895e-01
1.095786929130554199e+00
5.802415609359741211e-01
4.736709892749786377e-01
5.535934567451477051e-01
-3.920024633407592773e-01
4.850092530250549316e-01
1.302775591611862183e-01
5.109041929244995117e-01
5.419723987579345703e-01
-1.074026450514793396e-01
-8.742503821849822998e-02
3.095061480998992920e-01
1.591091305017471313e-01
1.919296234846115112e-01
-1.204641535878181458e-01
-5.458400845527648926e-01
-2.229801654815673828e+00
-6.886550188064575195e-01
3.723737783730030060e-03
3.809669911861419678e-01
2.369265556335449219e-01
5.008303523063659668e-01
6.240058541297912598e-01
6.912993192672729492e-01
9.015427827835083008e-01
8.029608726501464844e-01
1.049181818962097168e+00
1.328960180282592773e+00
1.864719688892364502e-01
-2.069658756256103516e+00
-1.219336017966270447e-01
5.315352678298950195e-01
3.896189928054809570e-01
9.940322041511535645e-01
9.092217087745666504e-01
5.373390316963195801e-01
4.147755503654479980e-01
-9.777188301086425781e-01
-1.673604965209960938e+00
-1.416013836860656738e+00
-4.731579720973968506e-01
-7.487400621175765991e-02
-3.730797171592712402e-01
3.220599293708801270e-01
3.038152158260345459e-01
2.580463290214538574e-01
5.960733294486999512e-01
5.747097134590148926e-01
-2.523350119590759277e-01
-1.461444854736328125e+00
-1.446900844573974609e+00
-8.098462820053100586e-01
-7.324343323707580566e-01
-2.592588067054748535e-01
-7.067104578018188477e-01
7.842401415109634399e-02
7.206856012344360352e-01
9.602647423744201660e-01
3.134661316871643066e-01
5.358231663703918457e-01
-6.464685797691345215e-01
2.599275410175323486e-01
5.211473107337951660e-01
7.262176275253295898e-01
-1.487962305545806885e-01
2.775238156318664551e-01
6.777305006980895996e-01
8.337845802307128906e-01
1.089426398277282715e+00
5.074098110198974609e-01
1.121653318405151367e-01
9.910629391670227051e-01
1.093774437904357910e+00
7.195594310760498047e-01
7.914517521858215332e-01
1.843347102403640747e-01
6.280537843704223633e-01
2.146999537944793701e-01
5.238596200942993164e-01
5.702966451644897461e-01
2.071988582611083984e-01
-1.340799182653427124e-01
4.650744497776031494e-01
-3.412147462368011475e-01
-2.806299924850463867e-01
-4.749655425548553467e-01
-2.012897282838821411e-02
-5.130550861358642578e-01
-3.902575671672821045e-01
-6.211792826652526855e-01
-1.085337623953819275e-01
-7.309209108352661133e-01
-4.626026842743158340e-03
2.537791728973388672e-01
3.606258630752563477e-01
-7.063258886337280273e-01
-3.207192569971084595e-02
-3.033999204635620117e-01
3.381385803222656250e-01
8.249000906944274902e-01
4.338670074939727783e-01
5.611044168472290039e-01
6.011185050010681152e-01
9.736316204071044922e-01
1.000275015830993652e+00
1.061134338378906250e+00
7.300446629524230957e-01
1.007372021675109863e+00
2.983092665672302246e-01
-3.490093946456909180e-01
-1.068938970565795898e+00
-1.659099102020263672e+00
-8.572689890861511230e-01
-2.244194746017456055e+00
1.533612906932830811e-01
-2.532352447509765625e+00
-1.063834905624389648e+00
-2.197023332118988037e-01
-4.223494231700897217e-01
8.812753856182098389e-02
3.853136897087097168e-01
6.488677859306335449e-01
6.590146422386169434e-01
6.274528503417968750e-01
7.932111620903015137e-01
7.367149591445922852e-01
3.202410638332366943e-01
4.445419013500213623e-01
9.618813395500183105e-01
9.494569301605224609e-01
1.072254657745361328e+00
6.111131906509399414e-01
-1.787390589714050293e+00
2.317144125699996948e-01
4.956937432289123535e-01
-2.061486959457397461e+00
8.367650210857391357e-02
3.586156964302062988e-01
5.481385588645935059e-01
4.683905243873596191e-01
1.939545124769210815e-01
2.444841712713241577e-02
2.732678353786468506e-01
5.787103772163391113e-01
8.570654392242431641e-01
4.555141627788543701e-01
4.914776980876922607e-01
5.079941749572753906e-01
7.536105513572692871e-01
9.879236817359924316e-01
7.857849597930908203e-01
9.842637181282043457e-01
1.075901031494140625e+00
9.092583656311035156e-01
8.381797671318054199e-01
5.179418921470642090e-01
4.935157597064971924e-01
4.692193865776062012e-01
6.637071371078491211e-01
7.111415266990661621e-01
-4.979233145713806152e-01
-7.613880932331085205e-02
4.330214560031890869e-01
-3.140622675418853760e-01
-1.184776332229375839e-02
1.053548812866210938e+00
1.351595401763916016e+00
3.949168603867292404e-03
6.654749512672424316e-01
8.463085889816284180e-01
6.794396042823791504e-01
1.024319529533386230e+00
1.073935508728027344e+00
8.372333049774169922e-01
4.554543197154998779e-01
1.072074174880981445e+00
1.610655307769775391e+00
6.718475222587585449e-01
9.860184192657470703e-01
1.174821734428405762e+00
1.015176534652709961e+00
1.101333975791931152e+00
1.198229432106018066e+00
1.345602035522460938e+00
1.130388140678405762e+00
6.314656734466552734e-01
3.093459643423557281e-02
6.122761368751525879e-01
9.053269028663635254e-01
1.139262318611145020e+00
1.184277415275573730e+00
6.494719386100769043e-01
9.647919535636901855e-01
1.424204707145690918e+00
1.133567333221435547e+00
1.188861489295959473e+00
1.129399180412292480e+00
7.602021098136901855e-01
1.046458125114440918e+00
1.051865339279174805e+00
1.028275370597839355e+00
6.747537106275558472e-02
5.532610416412353516e-01
1.030300498008728027e+00
1.043853640556335449e+00
8.545193076133728027e-01
3.938057720661163330e-01
-2.786737084388732910e-01
1.879221647977828979e-01
5.485068559646606445e-01
9.838775992393493652e-01
8.627063035964965820e-02
4.976237118244171143e-01
4.286083281040191650e-01
3.028474748134613037e-02
-1.476504802703857422e+00
-9.655280709266662598e-01
-5.403523892164230347e-02
1.983145326375961304e-01
5.755459666252136230e-01
2.527896761894226074e-01
5.327008198946714401e-03
-1.099184751510620117e-01
3.479172587394714355e-01
1.352769583463668823e-01
-1.499437570571899414e+00
5.916725844144821167e-02
4.580378830432891846e-01
4.862657785415649414e-01
-7.673316597938537598e-01
-7.891504764556884766e-01
-9.401032924652099609e-01
-5.393139719963073730e-01
1.096892450004816055e-02
-2.170194834470748901e-01
-9.982308745384216309e-01
-1.483531951904296875e+00
-1.682359695434570312e+00
-1.211540460586547852e+00
-4.371888339519500732e-01
1.728391051292419434e-01
6.702384352684020996e-01
6.358733177185058594e-01
8.475540578365325928e-02
-7.636168599128723145e-01
-1.832070946693420410e-01
3.073918819427490234e-01
-4.883348941802978516e-01
-3.445130884647369385e-01
-4.843696579337120056e-02
2.293083816766738892e-01
9.115883111953735352e-01
4.714906811714172363e-01
-3.529627621173858643e-01
8.537641912698745728e-02
5.361514091491699219e-01
9.814134836196899414e-01
9.224275946617126465e-01
7.871419191360473633e-01
8.907793164253234863e-01
8.328762054443359375e-01
9.776017069816589355e-01
5.703502297401428223e-01
7.532131671905517578e-01
8.545547127723693848e-01
6.294699311256408691e-01
-9.342403411865234375e-01
-1.693672895431518555e+00
-9.379803538322448730e-01
-8.676993250846862793e-01
-1.681861639022827148e+00
-7.237512469291687012e-01
-3.263061400502920151e-03
-7.232046723365783691e-01
-4.208468198776245117e-01
-3.220096230506896973e-01
-3.715995252132415771e-01
-1.959326267242431641e+00
-8.946604132652282715e-01
-3.390765190124511719e-01
1.158381775021553040e-01
1.177656054496765137e-01
-9.046760797500610352e-01
-9.677392244338989258e-01
-8.116182088851928711e-01
-1.529803395271301270e+00
-2.076788187026977539e+00
-1.294154882431030273e+00
-1.751177430152893066e+00
-2.329922676086425781e+00
-8.529301285743713379e-01
3.747991323471069336e-01
5.210995078086853027e-01
3.184829652309417725e-01
4.128913953900337219e-02
5.299199819564819336e-01
-1.232930645346641541e-01
2.601392269134521484e-01
6.566866040229797363e-01
6.733017563819885254e-01
8.932256698608398438e-01
1.077710628509521484e+00
6.999737620353698730e-01
1.105113863945007324e+00
9.672736525535583496e-01
9.541145563125610352e-01
8.982021212577819824e-01
3.420911133289337158e-01
-1.304910898208618164e+00
-6.473546624183654785e-01
2.226895242929458618e-01
1.974982917308807373e-01
2.639659941196441650e-01
-9.802045822143554688e-01
-4.810059666633605957e-01
4.896285831928253174e-01
-1.747380346059799194e-01
7.880780696868896484e-01
7.385088801383972168e-01
-1.343212574720382690e-01
9.522705078125000000e-01
9.662120342254638672e-01
1.104535102844238281e+00
1.396862268447875977e+00
1.452964901924133301e+00
1.309945344924926758e+00
1.244112253189086914e+00
1.139644026756286621e+00
8.609206676483154297e-01
1.666139215230941772e-01
-1.353257775306701660e+00
-8.529538512229919434e-01
6.130661368370056152e-01
1.077840685844421387e+00
-1.574124574661254883e+00
-3.243963718414306641e-01
-1.908919215202331543e-01
6.916134357452392578e-01
9.046800136566162109e-01
9.556999802589416504e-01
-1.700370907783508301e+00
-1.885509729385375977e+00
-1.155601441860198975e-01
-1.515794992446899414e+00
-6.170625090599060059e-01
-1.463079810142517090e+00
-2.496641874313354492e+00
-4.507504105567932129e-01
-9.832888096570968628e-02
-4.030719995498657227e-01
3.112869560718536377e-01
6.490176916122436523e-01
5.617504119873046875e-01
2.534256875514984131e-01
4.815679788589477539e-01
7.202860116958618164e-01
-1.059046983718872070e+00
-1.640292108058929443e-01
2.546386718750000000e-01
1.294585615396499634e-01
-2.292426824569702148e-01
-1.785449624061584473e+00
-2.451456308364868164e+00
-1.474371075630187988e+00
-7.824426293373107910e-01
-2.930009663105010986e-01
1.424533575773239136e-01
7.760675251483917236e-02
-1.698269963264465332e+00
-8.888369202613830566e-01
8.409682661294937134e-02
2.288983017206192017e-01
3.724935650825500488e-01
8.056659698486328125e-01
9.741219133138656616e-02
-9.515445828437805176e-01
-7.696978449821472168e-01
3.644191920757293701e-01
8.860656619071960449e-01
7.614747881889343262e-01
1.068677186965942383e+00
2.171406149864196777e-01
6.025949120521545410e-01
3.148202300071716309e-01
6.147739887237548828e-01
2.913216650485992432e-01
-2.713850326836109161e-02
-1.302604436874389648e+00
-1.969547033309936523e+00
-2.383142948150634766e+00
-2.208717584609985352e+00
-6.476894617080688477e-01
-5.161696076393127441e-01
-1.430702686309814453e+00
-1.465659022331237793e+00
-7.427810430526733398e-01
-1.470151185989379883e+00
-2.130575656890869141e+00
-1.463363051414489746e+00
-2.020236968994140625e+00
-1.329239726066589355e+00
3.151925504207611084e-01
-5.853974223136901855e-01
-1.804470419883728027e-01
1.311621665954589844e-01
-4.418218135833740234e-01
5.332290530204772949e-01
2.457354217767715454e-01
7.402792572975158691e-01
1.134957194328308105e+00
1.200646281242370605e+00
5.433366894721984863e-01
2.089460045099258423e-01
-6.161553263664245605e-01
-8.582793921232223511e-02
2.202488332986831665e-01
4.016487598419189453e-01
4.008742868900299072e-01
2.656110823154449463e-01
-8.551790118217468262e-01
-2.046810388565063477e+00
-9.995888471603393555e-01
-7.897220849990844727e-01
-7.496623396873474121e-01
-5.083023309707641602e-01
-1.048750996589660645e+00
-2.122658252716064453e+00
-2.517228364944458008e+00
-1.441001296043395996e+00
-6.966441869735717773e-01
-6.593716740608215332e-01
-1.977588534355163574e+00
-8.902569413185119629e-01
-1.937035679817199707e+00
-1.702692031860351562e+00
-1.740999102592468262e+00
-7.231537103652954102e-01
-7.854418158531188965e-01
-1.195915102958679199e+00
-1.458809018135070801e+00
-1.680920243263244629e+00
-3.913304209709167480e-01
2.771851420402526855e-01
4.775596857070922852e-01
6.402680873870849609e-01
4.316680133342742920e-01
5.463314652442932129e-01
5.867709517478942871e-01
4.219525754451751709e-01
4.844266772270202637e-01
-1.643868088722229004e-01
-2.362978219985961914e+00
-1.670993804931640625e+00
-4.599936306476593018e-01
-6.538496017456054688e-01
-3.415593802928924561e-01
-3.560514450073242188e-01
-2.389299869537353516e-01
-9.023298025131225586e-01
-8.932287096977233887e-01
-5.928695201873779297e-01
-1.556634664535522461e+00
-2.349689245223999023e+00
-2.326429605484008789e+00
-1.626265287399291992e+00
-2.325087934732437134e-01
1.577201881445944309e-03
3.724831640720367432e-01
2.280315160751342773e-01
4.190745055675506592e-01
3.721580803394317627e-01
-2.981536090373992920e-01
3.948425948619842529e-01
1.979236304759979248e-01
8.649013042449951172e-01
5.324091911315917969e-01
8.432164192199707031e-01
2.768072187900543213e-01
8.748634457588195801e-01
9.032584428787231445e-01
3.189765810966491699e-01
4.587089419364929199e-01
5.958843827247619629e-01
7.014831304550170898e-01
-2.340662777423858643e-01
1.968668997287750244e-01
4.458732306957244873e-01
5.810455679893493652e-01
9.215137362480163574e-01
7.886222004890441895e-01
4.855000078678131104e-01
1.192771568894386292e-01
9.859049320220947266e-02
3.144492506980895996e-01
7.818969488143920898e-01
3.103373348712921143e-01
6.321322321891784668e-01
9.610800147056579590e-01
-6.931112147867679596e-04
-4.603731632232666016e-01
-1.514799237251281738e+00
2.640260457992553711e-01
-1.735115498304367065e-01
5.330531597137451172e-01
5.791335105895996094e-01
4.230678677558898926e-01
-2.318697236478328705e-02
-5.624404549598693848e-01
-4.303468167781829834e-01
2.696349620819091797e-01
1.564143449068069458e-01
3.297465741634368896e-01
5.930070281028747559e-01
6.794936060905456543e-01
7.772535681724548340e-01
9.310649037361145020e-01
8.898738622665405273e-01
6.212299466133117676e-01
4.819949865341186523e-01
4.959708452224731445e-01
7.795045971870422363e-01
5.281270146369934082e-01
5.735280513763427734e-01
6.156792640686035156e-01
3.488646745681762695e-01
6.471145749092102051e-01
7.424732446670532227e-01
5.674127936363220215e-01
5.084809064865112305e-01
4.215949177742004395e-01
7.681362628936767578e-01
2.026786059141159058e-01
3.758082091808319092e-01
6.654232144355773926e-01
5.030393004417419434e-01
-4.906703233718872070e-01
1.151328012347221375e-01
1.888862103223800659e-01
2.692211866378784180e-01
4.196653366088867188e-01
4.747964739799499512e-01
3.059295713901519775e-01
1.838565319776535034e-01
1.686320155858993530e-01
3.568453192710876465e-01
-4.686408489942550659e-02
2.656642794609069824e-01
-8.053643107414245605e-01
2.441205829381942749e-01
8.333997726440429688e-01
6.871075630187988281e-01
6.878340989351272583e-02
1.485937088727951050e-01
-6.185798645019531250e-01
-3.865627199411392212e-02
2.654428184032440186e-01
4.437987506389617920e-01
4.068701565265655518e-01
4.878299236297607422e-01
5.911275744438171387e-02
-1.551288604736328125e+00
-1.396334886550903320e+00
-8.583177626132965088e-02
4.387904703617095947e-01
4.502387940883636475e-01
7.385624051094055176e-01
4.520821571350097656e-01
2.457018643617630005e-01
2.396851032972335815e-01
4.309947788715362549e-01
5.935459733009338379e-01
4.695328772068023682e-01
-8.564253151416778564e-02
-6.184425354003906250e-01
2.034678459167480469e-01
1.894319057464599609e-01
4.468699395656585693e-01
4.671077132225036621e-01
2.143389731645584106e-01
4.482456445693969727e-01
5.765523910522460938e-01
-1.786378622055053711e+00
-1.743491053581237793e+00
-1.542272210121154785e+00
1.715125590562820435e-01
1.788550466299057007e-01
-3.751350939273834229e-02
4.632638394832611084e-01
6.785049438476562500e-01
8.313715457916259766e-01
6.036296486854553223e-01
3.748199045658111572e-01
1.478895395994186401e-01
2.841383516788482666e-01
-5.792327523231506348e-01
-2.124225139617919922e+00
-9.537995457649230957e-01
-6.982125043869018555e-01
-4.962817728519439697e-01
-1.327172756195068359e+00
-2.188266754150390625e+00
-1.125502109527587891e+00
-2.004235267639160156e+00
-2.480086088180541992e+00
-8.312849402427673340e-01
-1.608174107968807220e-02
6.411505937576293945e-01
7.069091796875000000e-01
8.105377554893493652e-01
8.480714559555053711e-01
5.934231281280517578e-01
-7.660514116287231445e-02
-1.985901147127151489e-01
4.406844675540924072e-01
3.903966546058654785e-01
2.757405638694763184e-01
-1.273459792137145996e+00
-6.331536769866943359e-01
2.710029184818267822e-01
4.427187442779541016e-01
8.526003360748291016e-01
7.689912915229797363e-01
7.175007462501525879e-01
8.529907464981079102e-01
1.102806806564331055e+00
1.229863524436950684e+00
1.149600267410278320e+00
7.862350940704345703e-01
1.028921127319335938e+00
1.023209333419799805e+00
1.146579146385192871e+00
4.962228536605834961e-01
7.802830934524536133e-01
8.020734190940856934e-01
8.186556100845336914e-01
8.159199357032775879e-01
6.886839866638183594e-01
7.979341745376586914e-01
8.116997480392456055e-01
7.717252373695373535e-01
5.675586462020874023e-01
1.246872067451477051e+00
5.163225531578063965e-01
7.032251954078674316e-01
6.629624962806701660e-01
4.685254096984863281e-01
7.570219039916992188e-01
8.946395516395568848e-01
7.852394580841064453e-01
6.378541588783264160e-01
5.810002610087394714e-02
4.146251082420349121e-01
-2.432199567556381226e-01
-1.638021826744079590e+00
-2.247875213623046875e+00
-3.442775905132293701e-01
-9.776381254196166992e-01
-2.186450958251953125e+00
-2.513816595077514648e+00
-6.492875218391418457e-01
3.492092192173004150e-01
2.157516479492187500e-01
5.835723876953125000e-01
5.117666125297546387e-01
6.292425990104675293e-01
6.949803829193115234e-01
-4.678887426853179932e-01
-3.336672186851501465e-01
2.638208270072937012e-01
4.330428838729858398e-01
8.009071946144104004e-01
4.822266399860382080e-01
-9.176982194185256958e-02
3.728117644786834717e-01
5.840891599655151367e-01
-2.982687056064605713e-01
-1.331823825836181641e+00
-4.875795841217041016e-01
9.152570366859436035e-01
6.082029938697814941e-01
5.796997547149658203e-01
8.362947702407836914e-01
1.173433065414428711e+00
4.323021471500396729e-01
-1.057630538940429688e+00
-1.836742907762527466e-01
4.717211723327636719e-01
-8.371104598045349121e-01
9.437910048291087151e-04
3.488414585590362549e-01
2.211970537900924683e-01
5.079833269119262695e-01
5.731014013290405273e-01
4.921700656414031982e-01
8.949106931686401367e-01
6.302320361137390137e-01
6.082956790924072266e-01
4.848909080028533936e-01
7.222513556480407715e-01
4.790039062500000000e-01
5.020641088485717773e-01
3.467723131179809570e-01
5.261200666427612305e-01
7.289103269577026367e-01
-8.799756169319152832e-01
-2.043224811553955078e+00
-2.325903654098510742e+00
-7.834832072257995605e-01
-1.495780944824218750e+00
-6.997824180871248245e-03
-9.387686848640441895e-03
5.195991992950439453e-01
4.279547929763793945e-01
5.801535248756408691e-01
3.342022001743316650e-01
3.050613999366760254e-01
3.093143403530120850e-01
4.409953653812408447e-01
-3.536269962787628174e-01
1.796137988567352295e-01
5.427802726626396179e-02
-4.633947312831878662e-01
-1.907495021820068359e+00
-3.933180272579193115e-01
4.438408091664314270e-02
-3.009590506553649902e-01
1.175112724304199219e-01
-1.611275792121887207e+00
-1.704065084457397461e+00
-6.016247868537902832e-01
3.312135636806488037e-01
2.461142688989639282e-01
3.764375746250152588e-01
4.024974703788757324e-01
2.470452785491943359e-01
3.163603842258453369e-01
3.330506980419158936e-01
5.282554030418395996e-01
8.812898397445678711e-01
-7.070453763008117676e-01
2.962439879775047302e-02
5.069639682769775391e-01
7.384110093116760254e-01
7.229594588279724121e-01
3.834730684757232666e-01
1.809890568256378174e-01
1.012464836239814758e-01
-2.275538258254528046e-02
2.029146254062652588e-01
3.583413064479827881e-01
3.426801860332489014e-01
-3.411782085895538330e-01
1.782603561878204346e-01
4.383020568639039993e-03
5.648895502090454102e-01
1.043899178504943848e+00
1.040883779525756836e+00
8.581779003143310547e-01
9.591959118843078613e-01
1.113714218139648438e+00
9.771586060523986816e-01
5.204154253005981445e-01
3.892418742179870605e-01
3.407267630100250244e-01
-1.142752021551132202e-01
4.614863693714141846e-01
4.088033139705657959e-01
4.440099000930786133e-01
7.466643452644348145e-01
8.594238758087158203e-01
-9.082369804382324219e-01
-1.465698480606079102e+00
3.590375483036041260e-01
-7.894797921180725098e-01
-6.839142441749572754e-01
-9.569870680570602417e-02
-9.904959797859191895e-02
-8.600193075835704803e-03
1.781777292490005493e-01
2.802077829837799072e-01
2.533074021339416504e-01
-1.007347088307142258e-02
-2.445152699947357178e-01
5.306702107191085815e-02
-1.013885021209716797e+00
-2.090614080429077148e+00
-1.275446057319641113e+00
9.003830701112747192e-02
4.994669854640960693e-01
3.683433532714843750e-01
5.391297340393066406e-01
6.035864949226379395e-01
5.626744627952575684e-01
4.957219958305358887e-01
4.754819348454475403e-02
-7.365295290946960449e-01
2.206170260906219482e-01
5.955544710159301758e-01
4.504095613956451416e-01
3.781467676162719727e-01
-3.638822138309478760e-01
1.891991347074508667e-01
2.128846794366836548e-01
5.216728448867797852e-01
6.035254597663879395e-01
4.993003010749816895e-01
6.121917366981506348e-01
5.170475244522094727e-01
6.664682030677795410e-01
5.632721781730651855e-01
5.305019393563270569e-02
2.815059125423431396e-01
1.598482578992843628e-01
7.126325964927673340e-01
7.824881672859191895e-01
1.051867604255676270e+00
6.570285558700561523e-01
8.921412825584411621e-01
9.692501425743103027e-01
1.242578625679016113e+00
1.064166665077209473e+00
1.082215547561645508e+00
1.395887494087219238e+00
-1.013153269886970520e-01
1.119941234588623047e+00
5.834414362907409668e-01
9.338013529777526855e-01
5.857897400856018066e-01
4.671598672866821289e-01
8.983728885650634766e-01
5.554593801498413086e-01
3.112421929836273193e-01
1.595282703638076782e-01
2.212435603141784668e-01
-1.880437970161437988e+00
-1.362170934677124023e+00
2.544238567352294922e-01
-9.055241942405700684e-02
7.006604671478271484e-01
6.916189789772033691e-01
8.058705329895019531e-01
-4.833770990371704102e-01
-2.010893583297729492e+00
-3.083103895187377930e-01
-1.156758546829223633e+00
-1.509856581687927246e+00
4.368445370346307755e-03
6.236667037010192871e-01
7.498660683631896973e-01
5.013165473937988281e-01
4.383680224418640137e-01
-2.206008881330490112e-01
4.124985337257385254e-01
4.234410822391510010e-01
4.656172096729278564e-01
4.886145889759063721e-01
6.229593753814697266e-01
9.580280184745788574e-01
5.574621558189392090e-01
2.563806474208831787e-01
5.646727681159973145e-01
-5.711167454719543457e-01
3.240597248077392578e-01
4.301995038986206055e-01
1.029686164110898972e-02
-5.519578456878662109e-01
1.879984140396118164e-01
5.770415067672729492e-01
4.644816815853118896e-01
-3.459431827068328857e-01
-6.549484133720397949e-01
6.392105817794799805e-01
1.189704895019531250e+00
-2.887410819530487061e-01
-7.355854660272598267e-02
4.186390936374664307e-01
8.322681188583374023e-01
1.067678093910217285e+00
6.756659150123596191e-01
-4.360535442829132080e-01
-2.729381620883941650e-02
1.345266103744506836e-01
2.658178806304931641e-01
-1.275615096092224121e+00
-2.838988788425922394e-02
9.336667507886886597e-02
4.759849309921264648e-01
3.072139918804168701e-01
-6.760914623737335205e-02
-6.455979943275451660e-01
5.325767397880554199e-02
7.037103176116943359e-01
1.096530795097351074e+00
7.694637179374694824e-01
1.027564644813537598e+00
1.241551041603088379e+00
6.136218830943107605e-02
6.351265311241149902e-01
-1.752288937568664551e-01
4.824128448963165283e-01
-1.296148356050252914e-02
9.952987432479858398e-01
8.489171266555786133e-01
-2.986697256565093994e-01
7.890440821647644043e-01
6.627560257911682129e-01
5.009317398071289062e-01
5.406680703163146973e-01
-2.914305031299591064e-01
1.203199744224548340e+00
1.304045438766479492e+00
2.218233495950698853e-01
-3.401550650596618652e-01
-5.531845092773437500e-01
-7.963760495185852051e-01
-4.990609586238861084e-01
-5.452296137809753418e-01
3.369601070880889893e-01
1.894823759794235229e-01
4.654439985752105713e-01
5.389892458915710449e-01
2.215837091207504272e-01
-1.869158148765563965e-01
5.287645459175109863e-01
5.458382368087768555e-01
8.885056525468826294e-02
5.450401306152343750e-01
2.830522656440734863e-01
8.258092999458312988e-01
3.956478536128997803e-01
7.571173906326293945e-01
-2.437974065542221069e-01
-2.078786343336105347e-01
4.526154994964599609e-01
4.847320914268493652e-01
5.108475089073181152e-01
1.485140323638916016e-01
1.365110725164413452e-01
1.417363733053207397e-01
5.087026953697204590e-01
5.961875915527343750e-01
1.115669965744018555e+00
8.636495471000671387e-01
5.771740674972534180e-01
9.568395614624023438e-01
7.766141891479492188e-01
1.487541198730468750e+00
6.363129019737243652e-01
9.755451679229736328e-01
-6.072321534156799316e-01
5.374988317489624023e-01
-4.300249218940734863e-01
1.897895485162734985e-01
6.100125908851623535e-01
7.895204424858093262e-01
6.398493647575378418e-01
-1.953983455896377563e-01
-1.373062372207641602e+00
-2.060070484876632690e-01
2.544412314891815186e-01
2.551723718643188477e-01
3.417204618453979492e-01
5.095778107643127441e-01
3.175526559352874756e-01
2.815703749656677246e-01
3.229212164878845215e-01
3.995005190372467041e-01
2.095456719398498535e-01
5.639918446540832520e-01
4.339873194694519043e-01
1.068230032920837402e+00
9.865225553512573242e-01
1.116570591926574707e+00
1.090801477432250977e+00
-9.627294540405273438e-02
-1.631371974945068359e-01
-1.308405697345733643e-01
2.593883574008941650e-01
1.074367091059684753e-01
3.236234188079833984e-01
7.915384173393249512e-01
9.322137236595153809e-01
1.068946003913879395e+00
1.051232695579528809e+00
1.147581100463867188e+00
6.763759851455688477e-01
1.062438368797302246e+00
1.110865592956542969e+00
7.241234183311462402e-01
8.267122507095336914e-01
9.454175233840942383e-01
4.853743314743041992e-01
6.134564280509948730e-01
1.101985931396484375e+00
-1.761704832315444946e-01
1.536864340305328369e-01
1.353385746479034424e-01
-2.092480808496475220e-01
1.205003634095191956e-01
1.548948287963867188e-01
1.875669658184051514e-01
-6.346189379692077637e-01
1.114959493279457092e-01
5.151947140693664551e-01
5.854116082191467285e-01
9.709110260009765625e-01
2.635460793972015381e-01
2.426062524318695068e-01
4.373486340045928955e-01
6.694198399782180786e-02
-6.125218868255615234e-01
-1.821814537048339844e+00
-8.493053913116455078e-01
-6.148919463157653809e-01
-1.447377651929855347e-01
9.205999225378036499e-02
1.118949800729751587e-01
1.622757762670516968e-01
-2.515310980379581451e-02
1.295306831598281860e-01
2.111605405807495117e-01
2.136520147323608398e-01
5.545272231101989746e-01
1.300330907106399536e-01
1.968581527471542358e-01
2.781685888767242432e-01
3.479202985763549805e-01
2.743820250034332275e-01
-3.036499619483947754e-01
6.129474043846130371e-01
6.794790029525756836e-01
7.281985282897949219e-01
8.482477664947509766e-01
8.399215936660766602e-01
5.806351900100708008e-01
8.636262416839599609e-01
4.380730092525482178e-01
1.036084413528442383e+00
9.673482775688171387e-01
6.700685620307922363e-01
7.439605593681335449e-01
7.347895503044128418e-01
5.928856134414672852e-01
-4.476701095700263977e-02
-1.399154812097549438e-01
3.857698142528533936e-01
1.854303628206253052e-01
2.606847882270812988e-01
4.430131018161773682e-01
-8.993216753005981445e-01
-7.245037555694580078e-01
-1.429740071296691895e+00
-2.069954395294189453e+00
-2.136889934539794922e+00
-2.321158409118652344e+00
-1.398635864257812500e+00
-4.469421505928039551e-01
2.495119869709014893e-01
4.533749222755432129e-01
7.641581296920776367e-01
5.046930909156799316e-01
6.576995849609375000e-01
9.275398254394531250e-01
9.169686436653137207e-01
6.778724193572998047e-01
4.302108585834503174e-01
4.394683539867401123e-01
2.879544794559478760e-01
6.203499436378479004e-01
1.976906359195709229e-01
4.279372096061706543e-01
7.097537517547607422e-01
5.259721875190734863e-01
5.416178703308105469e-01
9.265336394309997559e-02
6.720789670944213867e-01
3.948008418083190918e-01
9.204108119010925293e-01
9.140436053276062012e-01
9.991036057472229004e-01
8.111103177070617676e-01
7.231104373931884766e-01
6.347545385360717773e-01
8.838379383087158203e-01
9.596805572509765625e-01
5.110961794853210449e-01
4.351242184638977051e-01
3.242186903953552246e-01
-7.293274253606796265e-02
2.602939307689666748e-01
9.024462103843688965e-02
3.291139006614685059e-01
-5.994768142700195312e-01
-1.506786793470382690e-01
-1.045076325535774231e-01
-5.497320890426635742e-01
-1.457407027482986450e-01
-9.913260936737060547e-01
-1.236604213714599609e+00
-1.048172950744628906e+00
-1.441393494606018066e+00
-9.401769042015075684e-01
-9.600743651390075684e-01
-1.746039867401123047e+00
-2.208016157150268555e+00
-2.292554855346679688e+00
-2.538962364196777344e+00
-1.849690437316894531e+00
-5.825491547584533691e-01
3.196493983268737793e-01
-9.297192096710205078e-01
-2.052913755178451538e-01
-1.200840592384338379e+00
-1.762442827224731445e+00
-6.524875164031982422e-01
-1.947652935981750488e+00
-1.587906002998352051e+00
-9.951205849647521973e-01
-8.001048117876052856e-03
1.319269090890884399e-01
-4.537875354290008545e-01
-5.753022432327270508e-01
-1.444804191589355469e+00
-1.567813158035278320e+00
-9.409164190292358398e-01
-4.961702525615692139e-01
-5.603056550025939941e-01
6.115754321217536926e-02
2.928066849708557129e-01
2.871979176998138428e-01
-5.168388038873672485e-02
4.826559722423553467e-01
8.764284849166870117e-01
7.936661839485168457e-01
6.816617846488952637e-01
5.547962188720703125e-01
5.371233820915222168e-01
3.669015765190124512e-01
4.197296798229217529e-01
5.641626119613647461e-01
-1.487559437751770020e+00
-1.765051007270812988e+00
-9.693680405616760254e-01
8.576785027980804443e-02
-8.781371265649795532e-02
1.304818391799926758e-01
6.505795121192932129e-01
5.307753682136535645e-01
8.049516081809997559e-01
7.134770154953002930e-01
8.957183957099914551e-01
-2.653928995132446289e-01
-1.006254911422729492e+00
1.033388227224349976e-01
6.416655182838439941e-01
-3.597733378410339355e-01
-4.812898337841033936e-01
-1.011494517326354980e+00
-1.416957378387451172e+00
-1.804943561553955078e+00
-1.163433074951171875e+00
-9.965547323226928711e-01
-9.324841499328613281e-01
-5.814067721366882324e-01
-2.143521755933761597e-01
1.268352121114730835e-01
6.042323708534240723e-01
5.262527614831924438e-02
-1.899781345855444670e-04
-7.274562716484069824e-01
-4.538065195083618164e-01
-6.973124146461486816e-01
3.977194726467132568e-01
2.997944951057434082e-01
-2.039362788200378418e-01
4.262624382972717285e-01
-7.101483941078186035e-01
3.122365102171897888e-02
5.568590760231018066e-01
-4.336401820182800293e-01
-6.151696443557739258e-01
-3.621402084827423096e-01
1.604678332805633545e-01
-2.442611306905746460e-01
-1.097160100936889648e+00
-5.575196146965026855e-01
-2.072141766548156738e-01
-2.820786237716674805e-01
-1.457174271345138550e-01
4.121211767196655273e-01
-9.382309317588806152e-01
-1.445859909057617188e+00
-2.194725751876831055e+00
-3.164032697677612305e-01
1.893317550420761108e-01
5.392274856567382812e-01
1.049003481864929199e+00
3.641885817050933838e-01
-6.934877038002014160e-01
-1.834117889404296875e+00
-2.269831180572509766e+00
-2.933200836181640625e+00
-1.361907005310058594e+00
-1.161564350128173828e+00
-7.875636816024780273e-01
-1.072321176528930664e+00
-9.189200997352600098e-01
-1.294510602951049805e+00
-1.006739735603332520e+00
-1.537836670875549316e+00
-1.018531680107116699e+00
-1.492929309606552124e-01
4.587580859661102295e-01
1.193540766835212708e-01
-6.416322290897369385e-02
4.200308322906494141e-01
-4.677038490772247314e-01
-7.922678440809249878e-02
2.431485950946807861e-01
-3.346981704235076904e-01
-7.932727932929992676e-01
-1.002939343452453613e+00
-1.797210216522216797e+00
-2.232399940490722656e+00
-1.473319172859191895e+00
-1.898304700851440430e+00
-1.434566736221313477e+00
-8.147273659706115723e-01
-5.925148725509643555e-01
-1.665916889905929565e-01
-6.436813473701477051e-01
-1.976474672555923462e-01
2.104692906141281128e-01
1.027417659759521484e+00
-6.082927584648132324e-01
-1.329438567161560059e+00
-1.516853570938110352e+00
-1.907382369041442871e+00
-1.004133820533752441e+00
-1.307113766670227051e+00
-1.672552943229675293e+00
-1.771530866622924805e+00
-2.000831365585327148e+00
-2.014206886291503906e+00
-2.130735635757446289e+00
-1.692563533782958984e+00
-1.563243985176086426e+00
-1.580165863037109375e+00
-2.139553070068359375e+00
-1.892381191253662109e+00
-1.043470144271850586e+00
-8.251268863677978516e-01
-5.745515823364257812e-01
-8.009816408157348633e-01
-1.447598457336425781e+00
-1.171329393982887268e-01
1.705890446901321411e-01
-1.502460148185491562e-02
2.416195124387741089e-01
8.206642419099807739e-02
4.887033402919769287e-01
8.315706849098205566e-01
3.008059561252593994e-01
5.539849996566772461e-01
8.033372163772583008e-01
7.209966778755187988e-01
1.168280601501464844e+00
1.328176021575927734e+00
1.225089311599731445e+00
8.577172160148620605e-01
9.243597984313964844e-01
1.725367158651351929e-01
3.429006636142730713e-01
-5.667876452207565308e-02
6.611760258674621582e-01
3.051441311836242676e-01
4.299114644527435303e-01
6.617392301559448242e-01
8.982006907463073730e-01
8.624626398086547852e-01
5.675037503242492676e-01
4.244529604911804199e-01
-4.685480594635009766e-01
-1.235332563519477844e-01
6.751742362976074219e-01
4.017628133296966553e-01
6.694955229759216309e-01
1.248739138245582581e-01
6.133062243461608887e-01
8.032118678092956543e-01
8.474754691123962402e-01
7.925895452499389648e-01
8.566066026687622070e-01
9.282466173171997070e-01
8.805155158042907715e-01
8.280917406082153320e-01
8.968805074691772461e-01
1.105048656463623047e+00
8.842080831527709961e-01
-4.273057449609041214e-03
-9.839186668395996094e-01
-1.046254515647888184e+00
-3.357000052928924561e-01
-2.633553147315979004e-01
-1.164086535573005676e-01
5.808665752410888672e-01
5.326611995697021484e-01
6.280137896537780762e-01
7.633306384086608887e-01
6.634430885314941406e-01
9.950755834579467773e-01
1.133100748062133789e+00
6.798551082611083984e-01
1.154905557632446289e+00
9.020187854766845703e-01
9.414159655570983887e-01
1.069368362426757812e+00
1.266438961029052734e+00
1.191429138183593750e+00
9.762519001960754395e-01
1.052551984786987305e+00
-9.224809706211090088e-02
5.559004545211791992e-01
8.499031662940979004e-01
1.032870769500732422e+00
9.417262077331542969e-01
7.952805757522583008e-01
8.439564108848571777e-01
4.508813321590423584e-01
3.812737166881561279e-01
6.119338274002075195e-01
6.643328666687011719e-01
8.378719687461853027e-01
1.094073057174682617e+00
1.021080389618873596e-01
8.421867489814758301e-01
-6.833813786506652832e-01
1.098331436514854431e-01
5.991629362106323242e-01
8.670047521591186523e-01
7.701717615127563477e-01
9.036667943000793457e-01
9.152970314025878906e-01
5.021349191665649414e-01
6.670567393302917480e-01
1.044646143913269043e+00
1.188842058181762695e+00
1.119851231575012207e+00
2.311746478080749512e-01
-6.652395725250244141e-01
-1.590822339057922363e+00
-1.704951405525207520e+00
-1.544013917446136475e-01
4.139141440391540527e-01
7.730588912963867188e-01
-6.240130662918090820e-01
-1.868669986724853516e+00
-1.512574911117553711e+00
-5.351973772048950195e-01
-4.176765382289886475e-01
-4.269088506698608398e-01
-2.159450054168701172e-01
-2.238252907991409302e-01
1.513924598693847656e-01
5.660060644149780273e-01
6.683559417724609375e-01
4.950724244117736816e-01
4.950724244117736816e-01
5.242722034454345703e-01
7.927545309066772461e-01
3.067741692066192627e-01
6.985734701156616211e-01
7.596274018287658691e-01
8.875018954277038574e-01
1.162363529205322266e+00
1.079332351684570312e+00
1.163335442543029785e+00
1.177767395973205566e+00
3.683323562145233154e-01
2.660438716411590576e-01
6.596719026565551758e-01
-8.404722809791564941e-01
-1.653526186943054199e+00
-1.873490691184997559e+00
-2.698955059051513672e+00
-7.990581393241882324e-01
1.218100860714912415e-01
5.990753173828125000e-01
7.587377429008483887e-01
8.638812303543090820e-01
8.667262196540832520e-01
8.488541245460510254e-01
7.136476039886474609e-01
8.460408449172973633e-01
6.885874271392822266e-01
6.948881149291992188e-01
4.458657205104827881e-01
4.771307110786437988e-02
-7.748094797134399414e-01
-1.159315466880798340e+00
-1.634008407592773438e+00
-1.366967320442199707e+00
-4.453036785125732422e-01
-1.123216152191162109e-01
-1.460258364677429199e-01
-1.550709843635559082e+00
-6.274381875991821289e-01
1.487607806921005249e-01
2.702659666538238525e-01
1.092919349670410156e+00
9.659522175788879395e-01
6.020117998123168945e-01
4.906586110591888428e-01
6.366246938705444336e-02
1.398845314979553223e-01
6.382794678211212158e-02
6.132286190986633301e-01
5.602816939353942871e-01
6.079038977622985840e-01
2.098469287157058716e-01
-6.549410521984100342e-02
8.890286684036254883e-01
8.508894443511962891e-01
9.799735546112060547e-01
1.306885838508605957e+00
1.310360074043273926e+00
1.139887690544128418e+00
1.237216472625732422e+00
1.136540412902832031e+00
1.367360591888427734e+00
1.394653320312500000e+00
1.334286451339721680e+00
1.515295982360839844e+00
1.446459889411926270e+00
1.362074971199035645e+00
1.364173650741577148e+00
1.608606457710266113e+00
1.602933764457702637e+00
1.726097345352172852e+00
1.436030149459838867e+00
1.458228468894958496e+00
1.555237293243408203e+00
1.280268907546997070e+00
1.593479037284851074e+00
1.651007533073425293e+00
1.485987663269042969e+00
1.571650266647338867e+00
1.568209528923034668e+00
1.581994414329528809e+00
1.589259147644042969e+00
1.529214501380920410e+00
1.591525316238403320e+00
1.570064783096313477e+00
1.428859472274780273e+00
9.708554148674011230e-01
-1.200705468654632568e-01
-1.669979214668273926e+00
-1.883894801139831543e+00
-1.710268020629882812e+00
-2.353488206863403320e+00
4.243307188153266907e-02
6.063859462738037109e-01
9.197368025779724121e-01
6.271899938583374023e-01
8.597683906555175781e-01
9.358807206153869629e-01
1.090346455574035645e+00
9.655612111091613770e-01
5.111430287361145020e-01
3.733936548233032227e-01
3.198790922760963440e-02
2.175398021936416626e-01
6.935417652130126953e-01
-3.083919286727905273e-01
-6.283090114593505859e-01
3.543885052204132080e-02
6.088528037071228027e-01
8.026577830314636230e-01
4.640070497989654541e-01
8.358734250068664551e-01
7.942395806312561035e-01
9.370623230934143066e-01
1.257688283920288086e+00
1.418732881546020508e+00
1.407896757125854492e+00
7.475742101669311523e-01
1.036082863807678223e+00
1.443583011627197266e+00
1.538580179214477539e+00
1.391999125480651855e+00
1.121719002723693848e+00
1.039789915084838867e+00
1.315652489662170410e+00
1.185736060142517090e+00
1.160627007484436035e+00
1.291408061981201172e+00
1.563609838485717773e+00
1.402569413185119629e+00
1.319511294364929199e+00
1.382334113121032715e+00
8.586986064910888672e-01
7.042592763900756836e-01
1.014543533325195312e+00
-1.120595932006835938e+00
-8.668372035026550293e-01
-7.877347469329833984e-01
1.110672429203987122e-01
-7.499116063117980957e-01
4.016008079051971436e-01
5.951526165008544922e-01
2.290995568037033081e-01
9.034798145294189453e-01
1.021933794021606445e+00
1.400443911552429199e+00
1.625708460807800293e+00
1.724163055419921875e+00
1.207766652107238770e+00
9.478718638420104980e-01
6.379996538162231445e-01
-7.366704344749450684e-01
-9.983701109886169434e-01
-1.511923313140869141e+00
-1.282790899276733398e+00
2.740393280982971191e-01
-1.357390165328979492e+00
-1.431619763374328613e+00
-4.698824584484100342e-01
-1.978411525487899780e-01
-1.386159420013427734e+00
-2.445172071456909180e+00
-1.660490751266479492e+00
-6.407556533813476562e-01
-1.598211079835891724e-01
2.698445022106170654e-01
7.488202452659606934e-01
1.039216890931129456e-01
-4.720013737678527832e-01
-4.838039278984069824e-01
1.342593878507614136e-01
5.331811308860778809e-01
7.697993516921997070e-01
1.032949924468994141e+00
9.871884584426879883e-01
9.932501912117004395e-01
9.447098374366760254e-01
1.030830144882202148e+00
5.966922640800476074e-01
8.346034884452819824e-01
-1.764670014381408691e-01
4.674300551414489746e-01
7.283640503883361816e-01
3.337398767471313477e-01
8.179704546928405762e-01
9.594072699546813965e-01
1.028643012046813965e+00
5.652011632919311523e-01
9.964286088943481445e-01
1.068573355674743652e+00
8.215230107307434082e-01
3.205769360065460205e-01
4.934100508689880371e-01
3.883763849735260010e-01
4.544279277324676514e-01
4.502140283584594727e-01
-8.131999373435974121e-01
-5.398758053779602051e-01
-1.819134116172790527e+00
-1.844086885452270508e+00
-8.564676642417907715e-01
-6.266532540321350098e-01
-6.147283911705017090e-01
-1.731000900268554688e+00
-4.308575689792633057e-01
-6.909587979316711426e-01
-1.586007475852966309e+00
-1.059136539697647095e-01
6.924162060022354126e-02
-2.118159383535385132e-01
-1.393565088510513306e-01
-7.637307643890380859e-01
-5.998100638389587402e-01
1.388039886951446533e-01
-7.399217486381530762e-01
-9.605639576911926270e-01
-1.429892659187316895e+00
-9.197463989257812500e-01
-1.298658370971679688e+00
3.399080038070678711e-02
-1.978654265403747559e+00
-7.163050770759582520e-01
-1.181704759597778320e+00
-9.789880514144897461e-01
2.877892553806304932e-01
9.982381463050842285e-01
1.180532574653625488e+00
1.318921089172363281e+00
1.153703689575195312e+00
9.084838628768920898e-01
2.724635601043701172e-02
-8.607534766197204590e-01
-2.081677615642547607e-01
4.950143396854400635e-01
8.054478168487548828e-01
1.168940782546997070e+00
-1.037615656852722168e+00
-3.020443953573703766e-02
4.296640753746032715e-01
7.067530751228332520e-01
9.048337340354919434e-01
1.087633132934570312e+00
1.215245962142944336e+00
1.231564164161682129e+00
9.963126182556152344e-01
1.252658009529113770e+00
1.181045293807983398e+00
9.772706627845764160e-01
7.969347238540649414e-01
8.184499144554138184e-01
-4.574416279792785645e-01
2.154213376343250275e-02
6.073254346847534180e-01
9.957512617111206055e-01
6.188365221023559570e-01
-3.929881751537322998e-01
-2.636757373809814453e+00
-6.117514371871948242e-01
-1.374032348394393921e-01
-6.983512043952941895e-01
7.006040215492248535e-01
9.060994982719421387e-01
5.167050957679748535e-01
1.548211872577667236e-01
-1.243792623281478882e-01
-1.253264490514993668e-02
-7.383451461791992188e-01
1.371771842241287231e-01
7.821341156959533691e-01
9.036667346954345703e-01
7.473443150520324707e-01
5.614607930183410645e-01
6.393606662750244141e-01
5.045924186706542969e-01
6.073684096336364746e-01
-7.013472318649291992e-01
-4.973605275154113770e-02
-1.131590962409973145e+00
-2.115447998046875000e+00
-2.331720829010009766e+00
-6.676756739616394043e-01
-2.129490137100219727e+00
-5.589368343353271484e-01
5.486949086189270020e-01
1.001046180725097656e+00
9.732512235641479492e-01
8.153460025787353516e-01
7.265996336936950684e-01
-2.263607382774353027e-01
6.999830007553100586e-01
8.788185715675354004e-01
4.699378907680511475e-01
-5.264993309974670410e-01
-1.875025033950805664e-01
4.807534515857696533e-01
7.723184674978256226e-02
-2.014515638351440430e+00
-1.267069727182388306e-01
-1.410941600799560547e+00
-2.794643640518188477e-01
5.183960795402526855e-01
1.281677126884460449e+00
1.236076593399047852e+00
7.809396386146545410e-01
-7.452870011329650879e-01
3.562184795737266541e-02
7.503965497016906738e-01
3.942454755306243896e-01
-1.115283608436584473e+00
3.939858451485633850e-02
-2.413336485624313354e-01
-7.057027816772460938e-01
5.714042782783508301e-01
5.553524494171142578e-01
-1.679203748703002930e+00
-1.040984869003295898e+00
-1.810525417327880859e+00
-1.561410665512084961e+00
-4.507511556148529053e-01
-5.858154296875000000e-01
-3.892343640327453613e-01
-3.957229852676391602e-01
-3.510431945323944092e-01
-2.348242700099945068e-01
-2.042260020971298218e-01
5.024247244000434875e-02
-4.600689709186553955e-01
4.096260070800781250e-01
3.261287808418273926e-01
5.735300183296203613e-01
6.354963779449462891e-01
4.261937737464904785e-01
-1.839731819927692413e-03
2.386286407709121704e-01
-3.845463991165161133e-01
-1.255302906036376953e+00
-1.637298911809921265e-01
-3.801236748695373535e-01
-3.784770369529724121e-01
1.439443081617355347e-01
-7.593467235565185547e-01
-2.171155661344528198e-01
4.018190503120422363e-01
8.854202032089233398e-01
9.075237512588500977e-01
1.012409806251525879e+00
8.750640153884887695e-01
9.214254617691040039e-01
4.555037617683410645e-01
2.612228989601135254e-01
1.758826524019241333e-01
-1.468019783496856689e-01
5.735994130373001099e-02
3.168579339981079102e-01
7.240843772888183594e-01
3.528451919555664062e-01
-2.806580960750579834e-01
2.602837234735488892e-02
-9.909192323684692383e-01
-2.105815172195434570e+00
-2.020048379898071289e+00
-2.266503334045410156e+00
-2.203972101211547852e+00
